  0.6414
  0.8361
  0.6725
  0.8399
    0.73
  0.7287
  0.5814
  0.8482
  0.7289
   0.723
  0.5719
  0.8496
  0.7286
  0.7215
  0.5691
    0.85
  0.7285
  0.7209
  0.5678
  0.8501
  0.7284
  0.7206
  0.5673
  0.8501
  0.7284
  0.7204
   0.567
    0.85
  0.7283
  0.7204
   0.567
  0.8499
  0.7283
  0.7205
  0.5673
  0.8496
  0.7284
  0.7208
   0.568
   0.849
  0.7285
  0.7216
  0.5704
   0.847
   0.729
  0.7251
  0.5818
  0.8408
  0.7621
  0.9493
    1.13
   1.149
  0.9044
  0.9831
  0.9939
  0.9482
  0.9197
  0.9844
  0.9878
  0.9326
  0.9219
  0.9845
  0.9862
  0.9283
  0.9225
  0.9845
  0.9856
  0.9265
  0.9226
  0.9845
  0.9853
  0.9256
  0.9227
  0.9845
  0.9852
  0.9253
  0.9226
  0.9845
  0.9851
  0.9252
  0.9225
  0.9844
  0.9852
  0.9254
  0.9222
  0.9844
  0.9854
  0.9263
  0.9215
  0.9843
  0.9861
  0.9287
  0.9194
  0.9842
   0.989
  0.9387
  0.9123
   1.003
   1.087
   1.095
   1.257
  0.5426
  0.7195
  0.7344
  0.8765
  0.5621
  0.7191
  0.7297
  0.8594
  0.5643
  0.7195
   0.729
  0.8552
  0.5648
  0.7196
  0.7287
  0.8535
   0.565
  0.7196
  0.7285
  0.8527
   0.565
  0.7196
  0.7285
  0.8523
   0.565
  0.7196
  0.7284
  0.8522
  0.5649
  0.7196
  0.7285
  0.8524
  0.5647
  0.7195
  0.7285
   0.853
  0.5642
  0.7193
  0.7287
  0.8547
  0.5629
  0.7188
  0.7296
  0.8613
  0.5581
  0.7224
  0.7619
  0.9619
  0.3293
