   1.554
   1.645
   1.729
   1.788
   1.827
   1.853
   1.872
   1.887
   1.898
   1.906
   1.913
   1.919
   1.924
   1.928
   1.931
   1.933
   1.936
   1.938
   1.939
   1.941
   1.942
   1.942
   1.943
   1.943
   1.944
   1.944
   1.943
   1.943
   1.942
   1.942
   1.941
   1.939
   1.938
   1.936
   1.933
   1.931
   1.928
   1.924
   1.919
   1.913
   1.906
   1.898
   1.887
   1.872
   1.853
   1.827
   1.788
   1.729
   1.645
   1.554
   2.275
   2.529
    2.66
   2.745
   2.809
   2.855
   2.889
   2.915
   2.936
   2.952
   2.965
   2.976
   2.984
   2.992
   2.998
   3.003
   3.008
   3.011
   3.014
   3.017
   3.019
    3.02
   3.021
   3.022
   3.022
   3.022
   3.022
   3.021
    3.02
   3.019
   3.017
   3.014
   3.011
   3.008
   3.003
   2.998
   2.992
   2.984
   2.976
   2.965
   2.952
   2.936
   2.915
   2.889
   2.855
   2.809
   2.745
    2.66
   2.529
   2.275
  0.8201
  0.7479
  0.7354
  0.7403
  0.7517
  0.7607
  0.7674
  0.7732
  0.7775
  0.7809
  0.7838
  0.7859
  0.7879
  0.7894
  0.7907
  0.7918
  0.7928
  0.7935
  0.7941
  0.7947
  0.7951
  0.7954
  0.7956
  0.7958
  0.7958
  0.7958
  0.7958
  0.7956
  0.7954
  0.7951
  0.7947
  0.7941
  0.7935
  0.7928
  0.7918
  0.7907
  0.7894
  0.7879
  0.7859
  0.7838
  0.7809
  0.7775
  0.7732
  0.7674
  0.7607
  0.7517
  0.7403
  0.7354
  0.7479
  0.8201
